255 255 255 255 255 255 255 255 255 255 255 255 255 255 255 255
255 214 153 153 153 153 153 153 153 153 153 153 153 153 214 255
255 153   0   0   0   0   0   0   0   0   0   0   0   0 153 255
255 153   0 165 205 205 205 193 194 205 205 205 165   0 153 255
255 153   0 205 255 201  89  61  58 109 203 254 205   0 153 255
255 153   0 205 199  39  56  34  68  67  68 203 205   0 153 255
255 153   0 205  71  59  69  49  61  88 106 111 204   0 153 255
255 153   0 186  27  55  66  43  83  99 101 102 182   0 153 255
255 153   0 184  32  30  37  54  74  78  96  87 182   0 153 255
255 153   0 205  75  47  80  86 105  85  87 141 204   0 153 255
255 153   0 205 199  54  68  51  40  99 129 222 205   0 153 255
255 153   0 205 254 207 104  61  73 112 213 254 205   0 153 255
255 153   0 165 205 205 205 192 189 205 205 205 165   0 153 255
255 153   0   0   0   0   0   0   0   0   0   0   0   0 153 255
255 214 153 153 153 153 153 153 153 153 153 153 153 153 214 255
255 255 255 255 255 255 255 255 255 255 255 255 255 255 255 255
255 255 255 255 255 255 255 255 255 255 255 255 255 255 255 255
255 214 153 153 153 153 153 153 153 153 153 153 153 153 214 255
255 153   0   0   0   0   0   0   0   0   0   0   0   0 153 255
255 153   0 165 205 205 205 198 196 205 205 205 165   0 153 255
255 153   0 205 254 199  95  64 106 139 219 254 205   0 153 255
255 153   0 205 202 113 134 168  78  76 107 203 205   0 153 255
255 153   0 205 117  72  49 174 114  88 105 110 203   0 153 255
255 153   0 186  86 108 124 189  93  99 101 102 181   0 153 255
255 153   0 184  45 142 147  79  71  76  95  85 181   0 153 255
255 153   0 205  72  43  54  99  89  76  72 109 204   0 153 255
255 153   0 205 198  49  91  91 162  73  89 214 205   0 153 255
255 153   0 205 254 205  99 101  89 104 203 254 205   0 153 255
255 153   0 165 205 205 205 192 189 205 205 205 165   0 153 255
255 153   0   0   0   0   0   0   0   0   0   0   0   0 153 255
255 214 153 153 153 153 153 153 153 153 153 153 153 153 214 255
255 255 255 255 255 255 255 255 255 255 255 255 255 255 255 255
255 255 255 255 255 255 255 255 255 255 255 255 255 255 255 255
255 214 153 153 153 153 153 153 153 153 153 153 153 153 214 255
255 153   0   0   0   0   0   0   0   0   0   0   0   0 153 255
255 153   0 165 205 205 205 201 201 205 205 205 165   0 153 255
255 153   0 205 254 227 194 203 212 188 244 254 205   0 153 255
255 153   0 205 224 147 128 204 225 231 228 243 205   0 153 255
255 153   0 205 156  96 139 172 226 236 228 228 204   0 153 255
255 153   0 190 133  96 115 211 234 236 233 225 199   0 153 255
255 153   0 189 130 174 197 214 231 236 231 224 199   0 153 255
255 153   0 205 146 168 112  92  99 204 185 121 204   0 153 255
255 153   0 205 219 154 109 205 205 135  83 211 205   0 153 255
255 153   0 205 254 226 161 159 154 191 207 254 205   0 153 255
255 153   0 165 205 205 205 198 197 205 205 205 165   0 153 255
255 153   0   0   0   0   0   0   0   0   0   0   0   0 153 255
255 214 153 153 153 153 153 153 153 153 153 153 153 153 214 255
255 255 255 255 255 255 255 255 255 255 255 255 255 255 255 255

255 255 255 255 255 255 255 255 255 255 255 255 255 255 255 255
255 214 153 153 153 153 153 153 153 153 153 153 153 153 214 255
255 153   0   0   0   0   0   0   0   0   0   0   0   0 153 255
255 153   0 165 205 205 204 182 182 204 205 205 165   0 153 255
255 153   0 205 254 203 111 102  87 141 222 254 205   0 153 255
255 153   0 205 203  68 106 101  96  87 129 213 205   0 153 255
255 153   0 205 109  67  88  99  78  85  99 112 205   0 153 255
255 153   0 194  58  68  61  83  74 105  40  73 189   0 153 255
255 153   0 193  61  34  49  43  54  86  51  61 192   0 153 255
255 153   0 205  89  56  69  66  37  80  68 104 205   0 153 255
255 153   0 205 201  39  59  55  30  47  54 207 205   0 153 255
255 153   0 205 255 199  71  27  32  75 199 254 205   0 153 255
255 153   0 165 205 205 205 186 184 205 205 205 165   0 153 255
255 153   0   0   0   0   0   0   0   0   0   0   0   0 153 255
255 214 153 153 153 153 153 153 153 153 153 153 153 153 214 255
255 255 255 255 255 255 255 255 255 255 255 255 255 255 255 255
255 255 255 255 255 255 255 255 255 255 255 255 255 255 255 255
255 214 153 153 153 153 153 153 153 153 153 153 153 153 214 255
255 153   0   0   0   0   0   0   0   0   0   0   0   0 153 255
255 153   0 165 205 205 203 181 181 204 205 205 165   0 153 255
255 153   0 205 254 203 110 102  85 109 214 254 205   0 153 255
255 153   0 205 219 107 105 101  95  72  89 203 205   0 153 255
255 153   0 205 139  76  88  99  76  76  73 104 205   0 153 255
255 153   0 196 106  78 114  93  71  89 162  89 189   0 153 255
255 153   0 198  64 168 174 189  79  99  91 101 192   0 153 255
255 153   0 205  95 134  49 124 147  54  91  99 205   0 153 255
255 153   0 205 199 113  72 108 142  43  49 205 205   0 153 255
255 153   0 205 254 202 117  86  45  72 198 254 205   0 153 255
255 153   0 165 205 205 205 186 184 205 205 205 165   0 153 255
255 153   0   0   0   0   0   0   0   0   0   0   0   0 153 255
255 214 153 153 153 153 153 153 153 153 153 153 153 153 214 255
255 255 255 255 255 255 255 255 255 255 255 255 255 255 255 255
255 255 255 255 255 255 255 255 255 255 255 255 255 255 255 255
255 214 153 153 153 153 153 153 153 153 153 153 153 153 214 255
255 153   0   0   0   0   0   0   0   0   0   0   0   0 153 255
255 153   0 165 205 205 204 199 199 204 205 205 165   0 153 255
255 153   0 205 254 243 228 225 224 121 211 254 205   0 153 255
255 153   0 205 244 228 228 233 231 185  83 207 205   0 153 255
255 153   0 205 188 231 236 236 236 204 135 191 205   0 153 255
255 153   0 201 212 225 226 234 231  99 205 154 197   0 153 255
255 153   0 201 203 204 172 211 214  92 205 159 198   0 153 255
255 153   0 205 194 128 139 115 197 112 109 161 205   0 153 255
255 153   0 205 227 147  96  96 174 168 154 226 205   0 153 255
255 153   0 205 254 224 156 133 130 146 219 254 205   0 153 255
255 153   0 165 205 205 205 190 189 205 205 205 165   0 153 255
255 153   0   0   0   0   0   0   0   0   0   0   0   0 153 255
255 214 153 153 153 153 153 153 153 153 153 153 153 153 214 255
255 255 255 255 255 255 255 255 255 255 255 255 255 255 255 255

255 255 255 255 255 255 255 255 255 255 255 255 255 255 255 255
255 214 153 153 153 153 153 153 153 153 153 153 153 153 214 255
255 153   0   0   0   0   0   0   0   0   0   0   0   0 153 255
255 153   0 165 205 205 205 189 192 205 205 205 165   0 153 255
255 153   0 205 254 213 112  73  61 104 207 254 205   0 153 255
255 153   0 205 222 129  99  40  51  68  54 199 205   0 153 255
255 153   0 204 141  87  85 105  86  80  47  75 205   0 153 255
255 153   0 182  87  96  78  74  54  37  30  32 184   0 153 255
255 153   0 182 102 101  99  83  43  66  55  27 186   0 153 255
255 153   0 204 111 106  88  61  49  69  59  71 205   0 153 255
255 153   0 205 203  68  67  68  34  56  39 199 205   0 153 255
255 153   0 205 254 203 109  58  61  89 201 255 205   0 153 255
255 153   0 165 205 205 205 194 193 205 205 205 165   0 153 255
255 153   0   0   0   0   0   0   0   0   0   0   0   0 153 255
255 214 153 153 153 153 153 153 153 153 153 153 153 153 214 255
255 255 255 255 255 255 255 255 255 255 255 255 255 255 255 255
255 255 255 255 255 255 255 255 255 255 255 255 255 255 255 255
255 214 153 153 153 153 153 153 153 153 153 153 153 153 214 255
255 153   0   0   0   0   0   0   0   0   0   0   0   0 153 255
255 153   0 165 205 205 205 189 192 205 205 205 165   0 153 255
255 153   0 205 254 203 104  89 101  99 205 254 205   0 153 255
255 153   0 205 214  89  73 162  91  91  49 198 205   0 153 255
255 153   0 204 109  72  76  89  99  54  43  72 205   0 153 255
255 153   0 181  85  95  76  71  79 147 142  45 184   0 153 255
255 153   0 181 102 101  99  93 189 124 108  86 186   0 153 255
255 153   0 203 110 105  88 114 174  49  72 117 205   0 153 255
255 153   0 205 203 107  76  78 168 134 113 202 205   0 153 255
255 153   0 205 254 219 139 106  64  95 199 254 205   0 153 255
255 153   0 165 205 205 205 196 198 205 205 205 165   0 153 255
255 153   0   0   0   0   0   0   0   0   0   0   0   0 153 255
255 214 153 153 153 153 153 153 153 153 153 153 153 153 214 255
255 255 255 255 255 255 255 255 255 255 255 255 255 255 255 255
255 255 255 255 255 255 255 255 255 255 255 255 255 255 255 255
255 214 153 153 153 153 153 153 153 153 153 153 153 153 214 255
255 153   0   0   0   0   0   0   0   0   0   0   0   0 153 255
255 153   0 165 205 205 205 197 198 205 205 205 165   0 153 255
255 153   0 205 254 207 191 154 159 161 226 254 205   0 153 255
255 153   0 205 211  83 135 205 205 109 154 219 205   0 153 255
255 153   0 204 121 185 204  99  92 112 168 146 205   0 153 255
255 153   0 199 224 231 236 231 214 197 174 130 189   0 153 255
255 153   0 199 225 233 236 234 211 115  96 133 190   0 153 255
255 153   0 204 228 228 236 226 172 139  96 156 205   0 153 255
255 153   0 205 243 228 231 225 204 128 147 224 205   0 153 255
255 153   0 205 254 244 188 212 203 194 227 254 205   0 153 255
255 153   0 165 205 205 205 201 201 205 205 205 165   0 153 255
255 153   0   0   0   0   0   0   0   0   0   0   0   0 153 255
255 214 153 153 153 153 153 153 153 153 153 153 153 153 214 255
255 255 255 255 255 255 255 255 255 255 255 255 255 255 255 255

255 255 255 255 255 255 255 255 255 255 255 255 255 255 255 255
255 214 153 153 153 153 153 153 153 153 153 153 153 153 214 255
255 153   0   0   0   0   0   0   0   0   0   0   0   0 153 255
255 153   0 165 205 205 205 184 186 205 205 205 165   0 153 255
255 153   0 205 254 199  75  32  27  71 199 255 205   0 153 255
255 153   0 205 207  54  47  30  55  59  39 201 205   0 153 255
255 153   0 205 104  68  80  37  66  69  56  89 205   0 153 255
255 153   0 192  61  51  86  54  43  49  34  61 193   0 153 255
255 153   0 189  73  40 105  74  83  61  68  58 194   0 153 255
255 153   0 205 112  99  85  78  99  88  67 109 205   0 153 255
255 153   0 205 213 129  87  96 101 106  68 203 205   0 153 255
255 153   0 205 254 222 141  87 102 111 203 254 205   0 153 255
255 153   0 165 205 205 204 182 182 204 205 205 165   0 153 255
255 153   0   0   0   0   0   0   0   0   0   0   0   0 153 255
255 214 153 153 153 153 153 153 153 153 153 153 153 153 214 255
255 255 255 255 255 255 255 255 255 255 255 255 255 255 255 255
255 255 255 255 255 255 255 255 255 255 255 255 255 255 255 255
255 214 153 153 153 153 153 153 153 153 153 153 153 153 214 255
255 153   0   0   0   0   0   0   0   0   0   0   0   0 153 255
255 153   0 165 205 205 205 184 186 205 205 205 165   0 153 255
255 153   0 205 254 198  72  45  86 117 202 254 205   0 153 255
255 153   0 205 205  49  43 142 108  72 113 199 205   0 153 255
255 153   0 205  99  91  54 147 124  49 134  95 205   0 153 255
255 153   0 192 101  91  99  79 189 174 168  64 198   0 153 255
255 153   0 189  89 162  89  71  93 114  78 106 196   0 153 255
255 153   0 205 104  73  76  76  99  88  76 139 205   0 153 255
255 153   0 205 203  89  72  95 101 105 107 219 205   0 153 255
255 153   0 205 254 214 109  85 102 110 203 254 205   0 153 255
255 153   0 165 205 205 204 181 181 203 205 205 165   0 153 255
255 153   0   0   0   0   0   0   0   0   0   0   0   0 153 255
255 214 153 153 153 153 153 153 153 153 153 153 153 153 214 255
255 255 255 255 255 255 255 255 255 255 255 255 255 255 255 255
255 255 255 255 255 255 255 255 255 255 255 255 255 255 255 255
255 214 153 153 153 153 153 153 153 153 153 153 153 153 214 255
255 153   0   0   0   0   0   0   0   0   0   0   0   0 153 255
255 153   0 165 205 205 205 189 190 205 205 205 165   0 153 255
255 153   0 205 254 219 146 130 133 156 224 254 205   0 153 255
255 153   0 205 226 154 168 174  96  96 147 227 205   0 153 255
255 153   0 205 161 109 112 197 115 139 128 194 205   0 153 255
255 153   0 198 159 205  92 214 211 172 204 203 201   0 153 255
255 153   0 197 154 205  99 231 234 226 225 212 201   0 153 255
255 153   0 205 191 135 204 236 236 236 231 188 205   0 153 255
255 153   0 205 207  83 185 231 233 228 228 244 205   0 153 255
255 153   0 205 254 211 121 224 225 228 243 254 205   0 153 255
255 153   0 165 205 205 204 199 199 204 205 205 165   0 153 255
255 153   0   0   0   0   0   0   0   0   0   0   0   0 153 255
255 214 153 153 153 153 153 153 153 153 153 153 153 153 214 255
255 255 255 255 255 255 255 255 255 255 255 255 255 255 255 255
